0.655810981309
0.662827076605
0.650552127062
0.656840628668
0.661439469687
0.641598676079
0.667098938461
0.649388223241
0.646644181556
0.654404300307
0.656518809479
0.652633438601
0.657911619185
0.659031450957
0.644828493277
0.652885104135
0.643376490754
0.660804357064
0.655905433881
0.642736039015
0.658118889812
0.657417092138
0.656267484328
0.645000743535
0.653407942627
0.650142629629
0.643237734434
0.643600379736
0.655686929432
0.651122763627
0.640237438206
0.643690551316
0.646248343343
0.651883775045
0.659467128025
0.656365217188
0.667869351856
0.657663011193
0.666730829827
0.66122701028
0.675010611379
0.638711822614
0.674473391568
0.64859549251
0.6580142605
0.636531162002
0.638689573807
0.643600379736
0.655686929432
0.644828493277
