0.662559611875
0.653242735418
0.653663584555
0.674276358231
0.665132547173
0.689496952466
0.66176803361
0.655502374831
0.656795997215
0.660583942251
0.661865840181
0.667008391048
0.666918893344
0.647156486845
0.657500951724
0.637126157229
0.66362967695
0.655567606433
0.642882989481
0.649637838047
0.657954555623
0.649169682776
0.668835808872
0.644604310758
0.641000534356
0.632781373237
0.631282688714
0.659720384435
0.670268975802
0.660407515341
0.67586371381
0.648824775976
0.669898520524
0.655476194562
0.673096851662
0.649264460231
0.682800656408
0.68100318794
0.676021995492
0.649523738114
0.651449569068
0.666383754547
0.666641382111
0.666964091117
0.658800785672
0.667145877225
0.646101342465
0.68100318794
0.674276358231
0.66362967695
